1 2 3 4 5 6 7 8 9 0 . _
201
  ^
1 1 . 1 2
1 2 . 1 3
1 3 . 1 4
1 4 . 1 5
1 5 . 1 6
1 6 . 1 7
1 7 . 1 8
1 8 . 1 9
1 9 . 1 10
1 0 . 1 13
2 _ 1 -1 11
3 _ 2 -1 11
4 _ 3 -1 11
5 _ 4 -1 11
6 _ 5 -1 11
7 _ 6 -1 11
8 _ 7 -1 11
9 _ 8 -1 11
10 _ 9 -1 11
11 . . -1 12
12 1 1 0 0
12 2 2 0 0
12 3 3 0 0
12 4 4 0 0
12 5 5 0 0
12 6 6 0 0
12 7 7 0 0
12 8 8 0 0
12 9 9 0 0
12 0 0 0 0
12 _ 0 0 0
13 _ 0 -1 14
14 . . -1 15
15 1 1 1 16
15 2 2 1 16
15 3 3 1 16
15 4 4 1 16
15 5 5 1 16
15 6 6 1 16
15 7 7 1 16
15 8 8 1 16
15 9 9 1 16
15 0 0 1 16
15 _ _ 1 18
16 . _ 1 17
17 0 _ 0 0
18 . _ 1 19
19 0 0 0 0